%YAML:1.0
---
K: !!opencv-matrix
   rows: 3
   cols: 3
   dt: d
   data: [ 1312.7968399770948, 0., 592.69167841798571, 0.,
       1315.1015769105868, 309.78973925395172, 0., 0., 1. ]
D: !!opencv-matrix
   rows: 1
   cols: 5
   dt: d
   data: [ 0.061668739967571488, -0.11858517611993818,
       -0.0077586653212132553, -0.014271920277505061,
       -0.80861476392621034 ]
