%YAML:1.0
---
K: !!opencv-matrix
   rows: 3
   cols: 3
   dt: d
   data: [ 1934.3555950038299, 0., 924.67704569446357, 0.,
       1941.4362286852515, 439.67820231310009, 0., 0., 1. ]
D: !!opencv-matrix
   rows: 1
   cols: 5
   dt: d
   data: [ -0.1263974188106235, 2.3343354918140036,
       -0.012388505982841245, -0.0041356372578739082, -10.28755082234067 ]
